0000000000000001000000000000000
0000000000000001000000000000000
0000000000000001000000000000000
0000000000000001000000000000000
0000000000000001000000000000000
0000000000000001000000000000000
0000000000000001000000000000000
0000000000000001000000000000000
0000000000000001000000000000000
0000000000000001000000000000000
0000000000000001000000000000000
0000000000000001000000000000000
0000000000000001000000000000000
0000000000000111110000000000000
0000000000000100010000000000000
1111111111111100011111111111111
0000000000000100010000000000000
0000000000000111110000000000000
0000000000000001000000000000000
0000000000000001000000000000000
0000000000000001000000000000000
0000000000000001000000000000000
0000000000000001000000000000000
0000000000000001000000000000000
0000000000000001000000000000000
0000000000000001000000000000000
0000000000000001000000000000000
0000000000000001000000000000000
0000000000000001000000000000000
0000000000000001000000000000000
0000000000000001000000000000000