00000000000000000000000000000
00010000000000100000000000000
01010000000010100000000000000
00110000000001100000000000000
00000000000000000000000000000
00000000000000000000000000100
00000000000000000000000000101
00000000000000000000000000110
00000000000000000000000000000
00000000110000000000000000000
00000001010000000000000000000
00000000010000000000000000000
00000000000000000000000000000
00000000000000000000000110000
00000000000000000000000101000
00000000000110000000000100000
00000000001010000000000000000
00000000000010000000000000000
00000000000000000000000000000
00000000000000000000000000000
