000000000000000000000000000000000000000
000000000000000000000000000000000000000
000000000000000000000000000000000000000
000000000000000000000000010000000000000
000000000000000011000001110000000000000
000000000000000001000010000000000000000
000000000000000001011001000000000000000
000000000000000000100000100000000000000
000000000000000000010001100000000000000
000000000000000000001000000000000000000
000000000000000000000000000000000000000
000000000000010000000000000000000000000
000110001000011000000000000000000000000
000110011000001100000000000000000000000
000000001100001000000000000000000000000
000000000100010000000000000000000000000
000000000000000000000000000000000000000
000000000000000000000000000000000000000
000000000000000000000000000000000000000
000000000000000000000000000000000000000
000000000000000000000000000000000000000
000000000000000000000000010001000000000
000000000000000000000000100001100000000
000000000000000000000001100000110011000
000000000000000000000000110000100011000
000000000000000000000000010000000000000
000000000000000000000000000000000000000
000000000000000000100000000000000000000
000000000000001100010000000000000000000
000000000000001000001000000000000000000
000000000000000100110100000000000000000
000000000000000010000100000000000000000
000000000000011100000110000000000000000
000000000000010000000000000000000000000
000000000000000000000000000000000000000
000000000000000000000000000000000000000
000000000000000000000000000000000000000
