000000000000000000000000
000000000000000000000000
000000000000000000000000
000000000000000000000000
000000000000000000000000
000000000000000000000000
000000000011110000000000
000000000000000000000000
000000001111111100000000
000000000000000000000000
000000111111111111000000
000000000000000000000000
000000001111111100000000
000000000000000000000000
000000000011110000000000
000000000000000000000000
000000000000000000000000
000000000000000000000000
000000000000000000000000
000000000000000000000000
000000000000000000000000
